47.4242685056,8.44931232887	3308.0	3658.66666667	13983.3333333
47.4062057322,8.50272979022	1805.0	2079.66666667	6551.0
47.3779685325,8.43999916377	2260.33333333	2786.0	12164.6666667
47.3555615885,8.56922953316	1765.66666667	2104.66666667	4922.0
47.3504038842,8.46431974871	2855.33333333	3954.33333333	15075.3333333
47.4040444011,8.51635581787	2083.0	2332.33333333	6206.0
47.3660111076,8.56468464583	941.0	1134.0	2183.0
47.3531883442,8.49785942734	2563.0	2591.0	6749.33333333
47.3994516602,8.51051898647	1591.0	1707.0	5578.33333333
47.3590094388,8.56263817134	1033.0	1294.0	2821.0
47.417969409,8.59175993517	2249.33333333	2463.33333333	11486.3333333
47.3774260221,8.52990526117	1217.33333333	1276.66666667	3155.66666667
47.3846967383,8.56819736407	1281.0	1488.66666667	3826.0
47.4170170213,8.48339924009	1944.0	2159.66666667	8429.0
47.3922706151,8.57043895632	2034.0	2254.33333333	4722.0
47.3642538575,8.54206873252	670.0	792.666666667	1933.0
47.38052938,8.44333726384	2636.33333333	2867.33333333	12433.6666667
47.3715168577,8.55982260414	827.0	948.333333333	1635.66666667
47.3524413752,8.54377709093	1288.0	1501.33333333	3686.0
47.4125819668,8.44532925913	2340.33333333	2676.0	10808.6666667
47.3787566981,8.5039735551	1730.33333333	1792.0	5092.66666667
47.3724615675,8.46576891732	2720.0	2916.0	9185.0
47.4181932033,8.54587421882	1581.0	1667.66666667	5327.66666667
47.3745348482,8.52084201676	1328.66666667	1441.33333333	3308.66666667
47.435075991,8.56979622533	2160.66666667	2277.33333333	8292.0
47.4355692728,8.598099042	3554.33333333	4038.66666667	13897.3333333
47.3861429108,8.58126138648	1683.0	1819.0	4228.0
47.355887302,8.46999626078	2891.0	3646.0	10365.0
47.4333689899,8.58663253465	2888.0	3165.0	11094.6666667
47.4063004268,8.44136608473	2378.33333333	2766.0	9965.66666667
47.4155542291,8.5219596006	1975.0	2144.33333333	7109.0
47.4345263208,8.57714964176	2764.0	2871.33333333	13478.0
47.3905789052,8.59944472938	2000.0	2383.0	7926.66666667
47.433999189,8.53637696476	2440.0	2605.66666667	8450.0
47.3801381159,8.56238237452	812.0	1104.0	2313.0
47.4147374845,8.55838817074	1640.0	2007.33333333	5734.33333333
47.411051068,8.5036434715	2282.0	2468.0	7214.0
47.3728775455,8.47996568815	2293.33333333	2504.66666667	7091.33333333
47.4083193696,8.45868745107	2290.0	2806.0	10559.0
47.4129066811,8.53688650335	1559.0	1680.33333333	5659.33333333
47.3791334354,8.47068181597	2660.0	2937.0	8833.33333333
47.3998150874,8.52471784212	1572.0	1766.33333333	4977.0
47.4105357762,8.50655808111	1950.0	2187.0	7131.0
47.4352292888,8.51703314256	3446.0	3594.66666667	10416.0
47.3952883736,8.59792826686	1426.66666667	1591.66666667	8528.33333333
47.3646606517,8.45832991915	2734.33333333	2958.0	9544.0
47.3734108384,8.45745514897	2526.0	3546.33333333	9538.0
47.3874596953,8.50471006961	1687.0	1838.0	5121.0
47.4074156187,8.48316184395	2094.0	2243.33333333	7459.0
47.3562058211,8.58718638083	1596.66666667	1781.66666667	5514.66666667
47.4183201082,8.45937394702	3303.0	3641.33333333	10906.3333333
47.3688293407,8.46644569438	2310.66666667	2730.33333333	8683.0
47.3504492537,8.46463420996	2851.66666667	3098.66666667	15085.3333333
47.3963985271,8.54184295084	700.0	872.333333333	2789.0
47.3693604812,8.55435556315	551.0	636.0	1401.0
47.3942581406,8.49270226409	1554.66666667	1722.33333333	6128.33333333
47.4116340829,8.52412028169	1790.33333333	1901.33333333	6412.0
47.4071075613,8.55099840758	1148.0	1373.0	4112.0
47.3569398618,8.51970250138	1517.66666667	1773.66666667	5082.66666667
47.3823617664,8.57637568903	1190.0	1385.33333333	3633.0
47.4049828865,8.4960791502	1424.0	1525.0	6315.0
47.3601418752,8.49693222106	1676.33333333	1985.0	5786.66666667
47.372805484,8.55378121812	463.333333333	536.666666667	1060.66666667
47.4109237677,8.5078495517	1941.0	2228.33333333	7220.0
47.3823018577,8.57089737357	856.0	1134.0	3210.0
47.3863057656,8.5512648413	590.0	672.666666667	1543.0
47.4199337399,8.51643018916	2447.0	2660.0	7934.33333333
47.4182713181,8.55118123087	1481.0	1599.33333333	5775.0
47.4141144121,8.5098144734	2205.0	2311.66666667	7725.0
47.3554400478,8.44701207011	2232.33333333	2998.33333333	14894.6666667
47.4167475912,8.52634077491	2115.0	2482.0	7346.66666667
47.4275471938,8.56398573016	1768.0	2024.66666667	7004.0
47.3708053214,8.55763186205	796.333333333	875.0	1609.33333333
47.3797761859,8.59952605716	1476.0	1724.66666667	4677.0
47.4079000082,8.58465738932	1358.0	1406.66666667	6558.0
47.38698309,8.47434463623	2313.0	2532.0	8727.0
47.4049831998,8.44417340361	2102.66666667	2601.66666667	9624.33333333
47.385491314,8.50365697311	1789.0	1980.66666667	5316.0
47.4097813543,8.58146128082	1796.66666667	2035.66666667	7078.33333333
47.3556105929,8.57663420539	1319.0	1833.33333333	4559.0
47.3497937024,8.47461656953	2709.0	3012.66666667	11717.0
47.4205581591,8.46785010351	3278.0	3513.33333333	10138.0
47.3517967456,8.56576214115	1307.66666667	1579.0	4563.33333333
47.3528449531,8.52647156229	1430.0	1776.33333333	5124.0
47.4202530254,8.55158204659	1650.33333333	1836.66666667	6124.0
47.3781712841,8.52204014605	1554.0	1594.33333333	3954.0
47.3522036582,8.55302318472	1223.0	1484.33333333	3555.33333333
47.3912090366,8.59093541506	1721.0	2074.66666667	6739.33333333
47.4267758771,8.54010768599	1926.0	2219.66666667	7397.0
47.364284765,8.45701161797	2847.66666667	3208.33333333	9573.66666667
47.4010044466,8.53793229003	1195.66666667	1264.0	3529.66666667
47.3677243143,8.4437960105	2456.0	2714.66666667	9835.0
47.3679450264,8.59927775381	2379.66666667	2511.0	7174.0
47.4125031236,8.55252816884	1501.33333333	1743.66666667	5379.33333333
47.3489155008,8.59561765953	1722.0	1969.33333333	6594.66666667
47.4365004289,8.47219009407	2045.33333333	2404.66666667	13903.6666667
47.349354105,8.58649639553	1747.66666667	2054.0	5897.66666667
47.3687165393,8.58599815029	2033.0	2331.33333333	4596.0
47.3742152466,8.50910657421	1849.0	1984.33333333	5149.0
47.4103310565,8.55250437136	1238.0	1344.66666667	4790.0
47.3612975701,8.5670713028	1207.0	1327.66666667	3209.66666667
47.3934980746,8.59135056175	1968.0	2228.66666667	8515.66666667
47.3528860891,8.56177508246	1263.0	1454.33333333	4075.0
47.3928547872,8.46800472178	2445.66666667	2544.0	8566.33333333
47.3741995107,8.54372444282	507.666666667	602.0	1027.33333333
47.4100658775,8.53112382027	1797.0	2087.33333333	7113.33333333
47.4157064419,8.53141820291	1879.33333333	2103.0	6415.33333333
47.3847776545,8.46396002877	3062.0	3295.66666667	9283.33333333
47.3642874075,8.49333860189	1522.0	1957.0	5941.66666667
47.3667142861,8.56253112656	884.0	1129.0	2095.0
47.3525375984,8.55842330549	969.0	1172.0	3430.0
47.372092121,8.50939951018	1648.0	1883.0	4884.0
47.391118263,8.46997433381	2409.33333333	2457.0	8189.66666667
47.3805395559,8.47763742653	2514.0	2665.33333333	8422.0
47.4309118799,8.50935557312	3122.33333333	3294.33333333	9855.33333333
47.3976637464,8.55511754042	1140.0	1394.66666667	3211.0
47.3518770916,8.51237628923	1650.0	1720.0	5362.0
47.4349274928,8.57832128551	2726.0	2877.0	9208.0
47.3645644191,8.45065902406	2904.0	3154.66666667	10187.0
47.4180540614,8.58315756552	2230.0	2585.0	11214.0
47.4358660088,8.5949657538	2989.66666667	3359.66666667	13392.0
47.401837047,8.44765590331	1714.33333333	2176.0	9266.66666667
47.3891182988,8.50466332761	1594.33333333	1856.33333333	5031.66666667
47.4166242124,8.49014976261	2234.66666667	2389.33333333	8211.33333333
47.3802985164,8.444198147	2414.33333333	3067.66666667	12452.6666667
47.3985117899,8.57087197452	1838.0	2172.66666667	5277.0
47.3798451134,8.49874525469	1894.33333333	2004.0	5713.0
47.3623249842,8.48396974829	2191.66666667	2787.0	10232.3333333
47.3643877088,8.47632276063	2742.33333333	3210.33333333	9496.66666667
47.3668756731,8.50848030937	1772.0	1810.0	5482.0
47.3798030657,8.59760329147	1555.0	2209.33333333	5201.0
47.4116530943,8.45123703425	2233.0	2735.33333333	10626.0
47.3675458712,8.5596764181	835.0	925.333333333	1852.0
47.3772972778,8.45518088379	3005.33333333	3347.66666667	11295.3333333
47.4289543323,8.54671313172	2038.0	2308.0	8380.0
47.3644946934,8.46704255543	1678.66666667	2372.0	8641.33333333
47.4128768149,8.55725687731	1723.0	1749.66666667	5819.0
47.3550950522,8.56553828585	1626.0	1826.66666667	4089.66666667
47.3815334461,8.46640951973	3127.0	3471.0	9435.0
47.4030958216,8.48828868602	2212.0	2508.0	7272.0
47.3872414828,8.51159769591	1512.33333333	1577.0	4510.33333333
47.3798864082,8.57828107978	1222.33333333	1499.0	3429.0
47.3751717457,8.44568619847	2720.0	3232.66666667	11180.3333333
47.4019087994,8.56527946684	1382.0	1536.33333333	4743.0
47.3610447475,8.4451428159	2794.0	2999.0	10600.6666667
47.4095051008,8.49314148904	1753.0	1919.66666667	6812.0
47.3705508757,8.56998023605	1412.0	1571.66666667	2956.0
47.4124524056,8.44685040024	2291.33333333	2750.0	10719.6666667
47.4321295287,8.44201852249	3165.0	3940.66666667	15510.0
47.4136897951,8.51921426096	1858.0	2075.0	6937.0
47.3572018541,8.56593237672	1510.0	1741.33333333	3966.0
47.4217660378,8.57676929328	2340.0	2856.66666667	12463.0
47.3637850594,8.50669550193	1508.0	1902.0	5165.66666667
47.3678338454,8.58380508616	2080.0	2171.66666667	3985.0
47.3510241657,8.43844245542	2613.0	2982.33333333	12947.0
47.3844499549,8.57841913773	1558.0	1851.33333333	4104.0
47.393407669,8.44604204102	2253.0	2519.66666667	9899.33333333
47.4054359803,8.45120611603	2220.0	2627.66666667	9925.0
47.363663224,8.4483585843	2907.0	3126.33333333	12383.3333333
47.4028149767,8.52674638597	1667.0	1849.0	3850.0
47.4320775442,8.44948514266	3108.0	3681.66666667	12354.0
47.3852734469,8.52308573968	1394.66666667	1415.0	3251.33333333
47.4016200627,8.52973753811	1427.0	1565.33333333	4226.0
47.4022306355,8.59540155005	1659.0	2004.33333333	7442.0
47.3805583654,8.4923704248	2001.33333333	2142.66666667	5630.66666667
47.3514284946,8.46631894199	3173.0	3660.0	12194.0
47.3639220571,8.54779594316	785.0	995.333333333	2001.0
47.4154810128,8.4979280385	2453.0	2594.33333333	7548.0
47.380296218,8.59241900571	1871.0	2093.0	4592.0
47.3941719279,8.44492111254	2142.66666667	2579.0	9730.0
47.4168917036,8.58172879777	2150.0	2551.66666667	11087.0
47.3717036089,8.52305097692	1226.0	1482.0	3712.0
47.3527874986,8.52912304738	1591.33333333	1672.0	4773.66666667
47.3784736511,8.45229507374	3001.0	3202.0	11501.3333333
47.3780073684,8.44119474588	2459.0	2920.66666667	12286.0
47.4036230963,8.56016477735	977.0	1107.0	4284.0
47.4271238089,8.52164281135	2662.0	2872.66666667	8465.66666667
47.3634294662,8.55015171699	676.0	885.666666667	2150.0
47.4158254611,8.46041669375	2836.0	2913.66666667	10740.3333333
47.4114091595,8.46492049269	2537.0	2660.33333333	9368.66666667
47.4205064538,8.56518179402	2076.0	2386.0	7318.0
47.4182849271,8.5221667602	2123.33333333	2271.0	7519.66666667
47.4008639234,8.53694649796	1125.0	1378.66666667	3265.0
47.3745275269,8.46868056172	3245.33333333	3556.0	9072.66666667
47.39806299,8.56486707033	1803.0	1965.66666667	5467.0
47.3699092644,8.4926563523	1997.0	2215.66666667	6886.33333333
47.357569301,8.48909444593	2768.33333333	3882.0	12248.6666667
47.4329392962,8.51004406143	3185.66666667	3362.33333333	9992.0
47.431672696,8.47160834143	2250.0	2631.66666667	13059.3333333
47.4143699559,8.43931312114	2724.66666667	3208.66666667	11827.0
47.3608678621,8.50012216154	1804.33333333	2053.33333333	5826.0
47.3749292885,8.48420870589	1970.0	2167.0	6918.0
47.3692295835,8.54259521617	744.666666667	865.666666667	2113.66666667
47.4272542955,8.48648583518	3017.0	3394.66666667	10098.6666667
47.4089705118,8.49452685752	1795.0	2096.0	6697.0
47.3681864541,8.55264240337	551.0	811.0	1380.0
47.4177472841,8.43971997339	2354.33333333	2707.0	11916.3333333
47.422082218,8.59609932167	2243.33333333	2568.0	11576.6666667
47.3983179843,8.48940481574	1933.66666667	2082.66666667	5959.0
47.4060288164,8.44985036127	2115.66666667	2590.0	9657.33333333
47.4098880362,8.47302137027	2218.0	2386.66666667	8917.0
47.4238397005,8.5434103119	1855.33333333	1969.33333333	6363.66666667
47.3526693187,8.53961278721	1263.0	1592.66666667	4072.0
47.4311652823,8.45252429001	2966.0	3192.0	13802.3333333
47.4204263663,8.56675558933	2092.66666667	2135.66666667	6963.33333333
47.4257260735,8.48150487528	2824.0	2943.66666667	12895.6666667
47.3552469355,8.53254271237	1153.66666667	1367.66666667	3939.66666667
47.4191691746,8.53783463018	1605.0	1778.66666667	6344.0
47.3680949105,8.51293884768	1514.0	1717.0	4700.0
47.3757869047,8.49086105411	1997.0	2257.66666667	6269.33333333
47.3895835912,8.51189309177	1519.33333333	1723.66666667	4577.66666667
47.3988288936,8.53099478541	1079.33333333	1190.66666667	3486.0
47.4103747763,8.44827247118	2136.33333333	2565.0	10440.6666667
47.3832515234,8.57267527347	942.0	1111.33333333	3313.0
47.3544168253,8.49985489275	2405.0	2631.66666667	6594.66666667
47.3916385416,8.58994141725	1819.66666667	1981.0	9124.33333333
47.4037726443,8.532281383	1463.33333333	1792.33333333	4038.33333333
47.3592353716,8.4437539365	2656.33333333	2755.33333333	12141.3333333
47.3884049304,8.5882559394	1599.33333333	2138.33333333	4269.0
47.417698457,8.47024683322	2733.0	2952.66666667	9548.0
47.3953817146,8.54200845738	773.0	917.0	2895.0
47.3508138078,8.44684183991	3381.33333333	3727.0	13747.6666667
47.3585694361,8.53375196831	1373.0	1711.33333333	4534.0
47.3964505837,8.53443881402	1123.66666667	1239.66666667	3441.0
47.3902018655,8.58880849383	1967.0	2639.33333333	4608.0
47.4117050373,8.4690012241	2250.0	2544.33333333	8983.0
47.4155465294,8.55248753038	1417.0	1740.33333333	5381.0
47.3662556083,8.56889612597	1051.33333333	1152.33333333	2954.0
47.3671392893,8.47077517598	2404.66666667	3006.0	9028.66666667
47.3583822216,8.59155541982	1522.0	1689.66666667	5114.0
47.4347844438,8.50119178453	3313.0	3545.0	10427.6666667
47.3544005671,8.58316159424	1804.0	1975.0	5005.0
47.3609552492,8.56653492115	1209.33333333	1359.33333333	3288.66666667
47.3590348131,8.58573651455	1600.66666667	1761.0	5092.33333333
47.3652125568,8.56640355077	930.666666667	1179.33333333	2670.0
47.4096277729,8.47002158643	2388.0	2640.66666667	9158.0
47.383453542,8.50413975211	1766.66666667	1986.0	4888.0
47.3511573558,8.44646967017	3366.33333333	3501.0	13690.6666667
47.3594933295,8.52247506902	1312.0	1410.33333333	5713.0
47.4197770119,8.52653361961	2415.0	2442.66666667	8158.0
47.4117350576,8.55962026846	1490.0	1570.0	5465.0
47.3510258303,8.56841652547	1545.0	1797.0	4453.0
47.3951589172,8.50621094683	1811.33333333	2073.0	5341.66666667
47.4115679359,8.49932783675	2088.0	2236.0	7150.0
47.3727829602,8.45988804339	2657.0	2967.0	9509.33333333
47.3639916363,8.59282367601	1732.33333333	1885.66666667	6336.0
47.3580470397,8.44572117775	2358.33333333	2571.33333333	13467.3333333
47.3873312573,8.58081207456	1667.0	1957.33333333	4185.0
47.3717233777,8.54943054305	335.0	575.666666667	912.0
47.4175866982,8.53814297304	1597.0	1849.0	6104.33333333
47.3614730027,8.48003819624	1897.66666667	2696.33333333	9850.33333333
47.3636316335,8.57969348977	1673.0	2050.0	4033.0
47.4107242798,8.57221959094	1453.0	1531.66666667	6618.0
47.4349544468,8.5367944272	2442.0	2715.0	8523.0
47.4014035186,8.50361188743	1250.0	1350.33333333	5511.0
47.3488520909,8.5981118039	1787.0	1984.0	6691.66666667
47.3598372929,8.49387358882	1926.0	2618.66666667	6523.0
47.4056018707,8.57145482897	1008.0	1205.66666667	5359.0
47.38189092,8.5171140512	1478.66666667	1625.66666667	3795.66666667
47.4174622834,8.55225472964	1424.0	1655.66666667	5708.0
47.4323312566,8.59493529877	3477.66666667	3757.33333333	11832.3333333
47.4077474111,8.54843330018	1102.0	1366.66666667	4046.0
47.3856370614,8.55930769274	1140.33333333	1284.33333333	3928.66666667
47.3986043063,8.47524001579	2260.66666667	2432.0	7196.66666667
47.3752985422,8.50453725825	1779.66666667	1972.0	5398.0
47.3937385983,8.57406240732	2133.0	2418.33333333	6846.0
47.4157086104,8.49932278564	2524.0	2753.66666667	7609.0
47.3668709549,8.44605174658	2362.0	3064.66666667	9707.0
47.4334468369,8.51937688505	3275.33333333	3389.33333333	9935.66666667
47.4031330185,8.46345437522	2795.0	3054.33333333	9305.0
47.4247777988,8.5381813744	1844.0	2088.66666667	7293.33333333
47.4379411963,8.44976451004	2974.33333333	3345.66666667	16340.6666667
47.3499850843,8.52297690003	1675.66666667	1855.66666667	5928.66666667
47.4014520799,8.59019401266	1442.0	1700.0	7371.0
47.3501379354,8.44017215922	2452.0	3230.0	14127.6666667
47.4144284449,8.49452130093	2239.0	2469.0	8274.0
47.3589704298,8.51893218392	1415.66666667	1556.33333333	5534.33333333
47.3709977962,8.50976082297	1637.0	1804.33333333	5009.0
47.3764847948,8.46467491374	3053.0	3610.0	9511.0
47.3922563786,8.51722238276	1170.0	1339.66666667	3352.0
47.3799553809,8.56403245909	820.0	889.666666667	2541.0
47.3498128326,8.50303512304	2282.0	2526.0	6290.66666667
47.4262416724,8.44700839046	3396.0	3662.66666667	12181.0
47.3514032493,8.50318859368	2123.66666667	2285.0	5973.0
47.3688812344,8.5713792028	1480.0	1600.33333333	3218.0
47.3958250805,8.44731016287	2223.66666667	2333.66666667	9675.66666667
47.3652093304,8.56302969107	870.666666667	994.333333333	2245.33333333
47.3941751966,8.55325497772	896.0	1086.0	2371.0
47.4361966495,8.49645767699	3462.0	3754.33333333	11136.0
47.400356865,8.45299134276	1836.66666667	2361.0	9462.33333333
47.3930231525,8.51582313736	1279.0	1453.0	3539.0
47.3837301235,8.4593026716	3403.0	3743.33333333	9894.0
47.4193906613,8.52617257279	2359.0	2528.33333333	7763.0
47.3524671849,8.57966638863	1553.66666667	1921.66666667	4797.0
47.4346497099,8.47639768381	2101.0	2997.0	15212.0
47.3795948117,8.48319480755	1998.0	2386.33333333	7308.0
47.4344877653,8.46907323688	2189.33333333	2931.0	14083.3333333
47.4313991239,8.5213684958	2697.0	3048.33333333	8691.66666667
47.4045235978,8.54489407881	999.0	1333.33333333	3806.0
47.4326769493,8.45408864109	2852.0	3197.66666667	13638.3333333
47.3731605672,8.45016837006	2437.66666667	2993.66666667	10703.3333333
47.3669241047,8.57762981461	1667.66666667	1765.33333333	3644.0
47.372771232,8.55984102643	768.0	898.333333333	1516.33333333
47.4178819706,8.52739854974	2189.0	2496.0	7434.66666667
47.4088523038,8.58696718334	1590.0	1788.66666667	6867.0
47.4252513034,8.5296526442	2108.0	2352.0	7634.66666667
47.4281422542,8.53682412956	1786.0	2137.0	7405.0
47.4102944861,8.55709866409	1432.33333333	1643.66666667	5888.33333333
47.4294697849,8.47489808666	2443.66666667	2936.33333333	11066.3333333
47.3704119717,8.50036414911	1903.66666667	2156.66666667	5671.0
47.3817668776,8.48406621846	2130.0	2660.66666667	7819.0
47.35661129,8.54347461964	1110.0	1326.0	2950.0
47.3846047325,8.56633501565	1286.0	1533.33333333	3816.0
47.3959031518,8.51036037273	1440.0	1623.33333333	5112.0
47.3722642885,8.48914804245	2066.66666667	2160.66666667	6471.66666667
47.369821088,8.53155001424	1120.0	1255.66666667	3101.66666667
47.4235832263,8.57377473308	2306.0	2486.66666667	7667.0
47.391831003,8.56805150225	1966.0	2086.33333333	4661.0
47.4022345471,8.46203834114	2380.66666667	2464.0	9121.66666667
47.3646999695,8.50162434745	1274.33333333	1443.66666667	5170.66666667
47.36815974,8.49061953951	1977.33333333	2120.0	6219.66666667
47.3551509518,8.53537333075	1109.0	1454.0	3619.0
47.3532779324,8.56754029983	1626.33333333	1806.0	4885.0
47.3999203973,8.5700887079	1626.0	1865.0	6228.0
47.4168644162,8.47980835039	1810.66666667	1946.66666667	8296.33333333
47.4317273326,8.55880489136	1642.0	1837.66666667	7337.0
47.4143691505,8.56533276623	1981.33333333	2112.66666667	6908.0
47.4209720337,8.54603124476	1572.0	1808.33333333	5595.0
47.4120052107,8.46418359543	2659.66666667	2889.0	9584.33333333
47.3951344806,8.50370696477	1533.66666667	1621.0	4814.0
47.4342311135,8.57578524688	2539.66666667	2757.0	10590.6666667
47.4220471954,8.46359173755	4417.66666667	4735.33333333	13243.3333333
47.4237389203,8.54700588664	1750.0	1966.33333333	6018.0
47.4191344202,8.46383525812	2695.0	2966.0	9714.0
47.3742753493,8.52647296531	1148.0	1212.33333333	3395.0
47.4143130544,8.58825983243	1371.0	1836.33333333	9532.33333333
47.3993793531,8.54729332553	823.0	891.333333333	2666.0
47.409231287,8.48675789916	1748.66666667	1970.33333333	7547.33333333
47.4044427791,8.51681771788	2124.0	2494.66666667	6255.0
47.4366225946,8.56021516887	1903.0	2147.0	8549.0
47.4289565325,8.50400732779	2885.33333333	3085.0	9570.33333333
47.4130237154,8.57650568275	1836.0	2068.33333333	7247.33333333
47.4182879545,8.52524740443	2094.0	2498.66666667	7333.0
47.4046276775,8.58925968024	1514.0	1917.33333333	6900.0
47.3669898969,8.55288756721	622.0	814.666666667	1485.0
47.4103065651,8.573087303	1359.0	1743.0	6128.33333333
47.3676023665,8.49490394554	1565.0	1803.66666667	5341.0
47.3749915028,8.58287008634	1612.0	1953.33333333	3954.0
47.3754175753,8.56486023434	775.0	990.0	2114.0
47.3776147965,8.55381247744	368.666666667	429.0	745.0
47.4361509753,8.55224281079	2061.0	2234.66666667	8393.0
47.4206092637,8.46523648551	4434.66666667	4960.33333333	13259.3333333
47.3594231396,8.55962567772	1121.0	1383.0	3193.0
47.3803509246,8.45109942787	2877.33333333	3653.33333333	12999.6666667
47.398838971,8.44966057778	1631.33333333	1802.0	8946.66666667
47.3553907859,8.59014105286	1761.0	2094.0	5357.66666667
47.4329128645,8.58101806553	2643.66666667	3063.0	12092.6666667
47.3948045528,8.54181852559	708.0	927.0	2331.0
47.4168345587,8.58251181839	2300.66666667	2511.66666667	9926.66666667
47.4250836133,8.4662799326	2558.66666667	2720.33333333	10987.3333333
47.4180369294,8.46913397152	2790.0	2945.0	9618.0
47.4083565189,8.53467526435	1747.0	1900.66666667	5084.66666667
47.3708429943,8.44036563169	2783.0	3021.66666667	11926.6666667
47.3826351393,8.48485939249	2193.0	2309.0	7883.0
47.4075892879,8.52772047291	1749.33333333	2027.0	5549.33333333
47.4312098476,8.52170645806	2619.0	2803.33333333	8580.0
47.4257887767,8.58301271101	2869.33333333	2959.0	11796.6666667
47.4367139722,8.57520772724	2591.33333333	2934.33333333	9527.33333333
47.3812951854,8.51498049796	1451.0	1575.33333333	4702.66666667
47.3863049476,8.57075358848	1489.0	1646.0	4111.0
47.4247340319,8.58385482196	2608.0	3261.66666667	10084.0
47.3999101868,8.57923316137	1481.0	1811.33333333	6361.0
47.4060343632,8.58867608891	1445.0	1699.0	6678.0
47.4111628625,8.4509682161	2182.66666667	2556.0	10670.3333333
47.3865484299,8.54522425382	483.0	733.0	1334.0
47.4309922475,8.50622304181	2988.66666667	3204.33333333	9687.66666667
47.3606792854,8.57149411156	1307.0	1594.0	3347.0
47.3686493109,8.57590958835	1652.66666667	1792.66666667	3641.0
47.3799301021,8.47039765537	2860.0	3086.0	9102.0
47.4061973291,8.56706901304	1081.0	1276.0	4943.0
47.411201563,8.45748674538	2190.0	2886.33333333	9792.0
47.4218871027,8.57979750646	2564.33333333	2864.33333333	11717.0
47.4329058975,8.56682146481	2350.0	2523.66666667	8783.0
47.376253351,8.44464548884	2894.33333333	3468.33333333	11108.0
47.3729598855,8.49366759655	1841.0	2163.33333333	6919.0
47.4382808276,8.47537379171	2434.66666667	2782.0	13601.3333333
47.4350921191,8.44235366047	3077.0	4017.66666667	18561.0
47.3732593044,8.5176075269	1572.0	1739.66666667	4478.0
47.3858221888,8.58030986393	1542.0	1734.0	4063.0
47.4371302211,8.49060282846	3127.0	3499.0	15128.0
47.4308511197,8.55220237596	2131.33333333	2302.66666667	7699.33333333
47.3600554161,8.51390129394	1244.0	1554.66666667	4429.0
47.4006255848,8.56936020569	1684.0	1782.66666667	6312.0
47.3662127808,8.50874217773	1606.33333333	1764.0	5359.33333333
47.3948127095,8.50311350675	1492.0	1810.66666667	4591.0
47.4077133455,8.49154202047	1459.0	1762.0	6884.0
47.3872410412,8.56838692403	1429.0	1622.0	4050.0
47.4363179052,8.50017388381	3314.66666667	3609.66666667	10780.6666667
47.4129740343,8.46963827079	2162.66666667	2527.0	8876.33333333
47.4004055768,8.51555923113	1757.0	1844.0	5755.0
47.365828456,8.48948745474	1985.0	2242.0	6418.33333333
47.3557038194,8.48637423603	2368.66666667	3452.33333333	11988.3333333
47.4077894496,8.55963858775	1177.0	1258.0	5058.0
47.3766677064,8.56565877596	831.0	1057.66666667	2209.0
47.392316404,8.59906858051	1818.66666667	2205.66666667	8011.0
47.3964892923,8.52303921394	1173.0	1242.0	3735.0
47.3662910363,8.5767966912	1604.0	1799.33333333	3425.0
47.4117149322,8.5254768097	1767.0	1870.33333333	6264.0
47.3947225095,8.52417018828	912.0	1207.33333333	3664.0
47.4115388727,8.59287948588	1302.33333333	1506.33333333	10362.0
47.3695712201,8.56395812947	951.0	1223.0	2997.0
47.3703833007,8.5680686613	1387.66666667	1505.0	3513.66666667
47.4113733287,8.44284199503	2501.0	2628.0	10988.0
47.4242248098,8.54749585672	1791.0	1973.33333333	6129.0
47.371596904,8.44608868545	2603.0	3372.0	10111.0
47.3691450755,8.4598908064	2302.0	2813.66666667	8577.0
47.3987872933,8.43824817656	2014.66666667	2295.33333333	9703.33333333
47.3616235039,8.44823045053	2789.0	3150.33333333	10992.0
47.3932231776,8.45951588909	3047.33333333	3232.66666667	9791.66666667
47.3836906345,8.52989397093	1039.0	1196.66666667	2280.0
47.3908350763,8.59191477335	1803.0	2101.0	6919.33333333
47.4363328625,8.58957775284	3015.33333333	3493.66666667	11448.3333333
47.3903052232,8.57571362155	1968.0	2128.33333333	4565.0
47.4177078147,8.59579317387	1981.66666667	2105.66666667	11613.6666667
47.3507866434,8.48800604542	1913.66666667	2809.66666667	11542.3333333
47.4257334468,8.59815474657	2348.33333333	2744.33333333	12832.3333333
47.3823997487,8.50684368386	1665.33333333	1836.0	5270.33333333
47.4056899839,8.53225879957	1508.66666667	1655.66666667	4047.33333333
47.3970836359,8.44837106711	2374.0	2600.66666667	9612.0
47.4238292497,8.59988034939	2228.0	2803.33333333	11866.0
47.4251223298,8.49415273387	2366.0	2712.66666667	9407.66666667
47.4240605252,8.56988466082	2305.33333333	2490.66666667	7826.0
47.368253336,8.59529860887	2646.0	2784.0	7125.33333333
47.4038623219,8.46901044405	2479.66666667	3057.33333333	9521.0
47.4078463853,8.49618694191	1658.0	2034.0	6625.0
47.3580177148,8.48751305653	2538.66666667	4053.0	10689.3333333
47.4362622901,8.51426133437	3529.66666667	3789.66666667	11648.0
47.4368598895,8.53400836393	2222.66666667	2660.66666667	10883.0
47.3611435253,8.47889429988	1793.0	3502.0	9793.0
47.3791653268,8.47348178465	2943.0	3331.66666667	9289.0
47.3672232439,8.4638493874	2211.0	2868.66666667	8490.0
47.4351483317,8.45843665704	2748.0	3161.33333333	11809.0
47.4172860044,8.44194245567	2393.33333333	2881.33333333	12001.3333333
47.380979143,8.47155587268	2662.33333333	2919.66666667	8694.0
47.3736006887,8.4496916037	2478.0	3108.66666667	9508.0
47.3680489553,8.53489002994	755.0	921.666666667	2386.0
47.4379523467,8.49828310248	3675.66666667	3849.33333333	12640.6666667
47.3653837903,8.49496064309	1279.0	1695.33333333	5629.0
47.3885642534,8.55798952932	1229.66666667	1599.66666667	2726.66666667
47.3957650014,8.48390105969	1811.0	2059.0	6326.0
47.4372773422,8.58029458646	2660.0	2871.0	10858.6666667
47.4177549672,8.52177599508	2129.0	2322.66666667	7647.33333333
47.4262745079,8.50081830903	2427.0	2811.66666667	9282.0
47.4055035534,8.46207320259	2659.33333333	3011.66666667	10580.6666667
47.3513980056,8.56441636077	1248.33333333	1399.33333333	4143.66666667
47.40069322,8.57296625425	1419.0	1610.66666667	5934.0
47.3751088817,8.44804057011	2638.33333333	2869.0	11079.6666667
47.4131728522,8.5928814259	1275.66666667	1689.66666667	10511.0
47.3801703918,8.44728792001	2900.0	2919.66666667	12766.0
47.3865806123,8.45760568549	3387.66666667	3598.33333333	11525.0
47.4382454671,8.5743795204	2472.0	2783.0	9279.0
47.376798386,8.57714986348	1242.0	1499.33333333	3418.0
47.4229166394,8.46880904777	2814.0	3326.66666667	11253.0
47.3505697826,8.57773785349	1650.66666667	1799.0	5055.66666667
47.4001258024,8.57517595064	1473.0	1799.66666667	6304.0
47.4067010016,8.4801605622	2253.0	2377.33333333	7834.0
47.3621478773,8.52361351033	1445.0	1652.0	5624.0
47.4375406163,8.47819998472	2444.66666667	2922.0	13618.6666667
47.3724691309,8.56540018518	1112.0	1209.33333333	3213.0
47.3716277976,8.45154376871	2310.0	3170.33333333	9242.0
47.3732678499,8.50354173505	1731.0	1925.33333333	5461.66666667
47.3760310736,8.58428418863	1647.0	1794.0	4013.0
47.4187468633,8.44552629992	3211.33333333	3891.66666667	12959.6666667
47.3859575106,8.45202992335	3548.0	3706.33333333	11351.6666667
47.3969088258,8.54593376205	640.0	837.666666667	2436.0
47.3578243992,8.45070567207	2526.33333333	3328.0	13556.0
47.4071827317,8.44536512251	2265.0	2776.33333333	10425.0
47.4365284871,8.53012020983	2618.66666667	2756.33333333	8659.66666667
47.3888746352,8.54075406133	616.333333333	800.0	1838.66666667
47.4332360481,8.53587475661	2149.0	2415.0	7845.0
47.3595980197,8.50593565485	2014.0	2333.33333333	6132.0
47.4332853865,8.50203295106	3299.0	3407.66666667	11293.3333333
47.3821577065,8.58857535695	1377.66666667	1609.0	3823.0
47.3947771196,8.53514854497	1106.66666667	1263.0	3343.33333333
47.3494181847,8.58257598233	1682.0	1997.33333333	5241.0
47.3670827553,8.45552632594	2514.0	2853.33333333	9457.0
47.4330104964,8.57164390485	2196.66666667	2526.66666667	10045.3333333
47.4246302384,8.44619254153	3458.0	3658.33333333	12420.0
47.385663553,8.55882878979	1137.66666667	1425.66666667	3195.33333333
47.4192256782,8.51291978507	2245.66666667	2316.0	9267.0
47.3832020635,8.57394902515	999.0	1287.33333333	3395.0
47.4266274313,8.49947042584	2413.0	2755.33333333	9702.0
47.3529079236,8.51961958915	1703.0	1772.33333333	5314.66666667
47.3508342697,8.52320165239	1442.0	1597.33333333	5251.0
47.3929358146,8.51375093989	1399.66666667	1604.33333333	4147.66666667
47.3814134546,8.4403478086	2389.33333333	2623.66666667	12230.6666667
47.4150194167,8.58242628795	2132.33333333	2303.66666667	9546.66666667
47.3560088774,8.49552980831	2405.0	2516.33333333	6893.66666667
47.4015427776,8.47341366885	2403.66666667	2592.0	7597.0
47.3876208048,8.46995339137	2394.0	2666.33333333	9105.0
47.378836049,8.50105743466	1738.0	1779.33333333	6312.66666667
47.3583660213,8.47712323144	1862.66666667	2756.0	9781.33333333
47.3766619119,8.49565140923	1823.33333333	2019.66666667	6071.66666667
47.3963143722,8.49981704701	1672.0	1697.0	5265.0
47.3633858086,8.50330172666	1789.66666667	2109.33333333	5715.66666667
47.3600540603,8.57339294394	1273.0	1390.66666667	3181.0
47.3652177721,8.59732373966	1982.33333333	2216.33333333	6869.33333333
47.3685720052,8.55770573685	739.0	856.333333333	1695.0
47.3562705744,8.44141598568	1831.0	2415.66666667	14424.0
47.4360365758,8.59808164308	3160.66666667	3821.33333333	13623.0
47.3783549807,8.5849290335	1761.0	1875.33333333	4486.0
47.3760436203,8.56689029168	858.666666667	1053.33333333	1868.0
47.3636373326,8.55371430167	858.0	973.666666667	2000.0
47.3737229319,8.59929679466	2634.0	3206.0	5851.33333333
47.4160354337,8.48993776218	2199.0	2539.33333333	8211.0
47.3622970075,8.53330681544	1094.0	1263.0	4113.66666667
47.3943970349,8.59666159672	1706.0	1884.0	7586.0
47.4170576105,8.57915379254	2255.33333333	2382.66666667	10570.6666667
47.429044272,8.58954751014	3013.0	3569.0	9949.0
47.3661521663,8.50297822864	1418.66666667	1737.33333333	5381.33333333
47.3584989265,8.52117030872	1420.0	1541.33333333	5502.33333333
47.4333420831,8.56149388999	1858.0	2060.33333333	7630.0
47.4043766922,8.4526743392	2094.33333333	2533.66666667	9793.66666667
47.3693240198,8.47796607132	2507.0	2795.0	7244.66666667
47.3572532221,8.57359323801	1366.0	1591.33333333	4059.0
47.3830627547,8.54215930788	602.666666667	732.333333333	1106.33333333
47.3877946572,8.45128624633	3072.66666667	3226.33333333	10789.6666667
47.437521842,8.51025800769	3678.33333333	3815.33333333	10726.0
47.3750071939,8.56063352649	605.0	855.333333333	1794.0
47.3912261818,8.49220248655	1258.66666667	1530.66666667	5864.33333333
47.3595972885,8.59902975779	1703.66666667	1843.66666667	6125.66666667
47.3632095232,8.44575195462	2755.0	3020.66666667	10967.0
47.4361505483,8.47496703606	2039.0	2544.66666667	15126.0
47.4185123206,8.5387175688	1750.0	1915.33333333	6318.0
47.4115539593,8.51836692798	2053.0	2209.33333333	7236.0
47.4130299526,8.59980427442	2013.0	2552.0	9729.0
47.4324747553,8.59706546154	3501.66666667	3705.66666667	14914.0
47.3600934027,8.51552361766	1684.0	1796.33333333	6571.0
47.4183442969,8.48164055559	2065.0	2180.0	8505.33333333
47.3862783183,8.48069456578	1995.33333333	2177.0	6557.0
47.3897142342,8.57642342113	1890.0	2059.66666667	4467.0
47.3559822477,8.57049189931	1672.0	1937.33333333	4355.0
47.4074346336,8.48496308161	1892.0	2018.66666667	7277.0
47.41324157,8.57861199315	1998.0	2090.33333333	8030.33333333
47.3880843039,8.57413072879	1441.0	1690.66666667	3980.0
47.3624567701,8.57486378584	1447.0	1687.0	3643.0
47.3779110695,8.51889492303	1539.0	1605.33333333	4210.0
47.3622592181,8.47337875465	1903.0	2536.0	9023.0
47.3808642071,8.48333776373	1998.33333333	2184.0	7332.0
47.4311504972,8.50454574438	2938.66666667	3125.33333333	9734.66666667
47.3760235764,8.52920203696	1082.0	1221.0	3024.0
47.403928852,8.5754855504	1224.0	1391.33333333	5915.0
47.3540130795,8.58800527026	1824.0	2040.33333333	5423.33333333
47.4320726717,8.45402623335	2913.66666667	3390.0	15510.0
47.4278088886,8.56920178491	2120.0	2275.33333333	7437.0
47.4087514951,8.49762248723	1806.0	2114.66666667	6719.0
47.3539648695,8.59102275716	2275.0	2782.33333333	5789.0
47.3969524819,8.46571489511	2143.66666667	2339.0	8152.33333333
47.4277806691,8.45910405305	2587.0	2832.33333333	11161.0
47.4319421249,8.47690368051	2469.0	3040.66666667	14182.0
47.3988823325,8.54128598761	795.0	1015.66666667	2885.0
47.4213207104,8.59289872811	2225.33333333	2749.66666667	11163.6666667
47.3527836497,8.59259228765	2427.66666667	2647.33333333	5896.0
47.3791790117,8.55999295245	568.0	808.0	1984.0
47.3891671865,8.48290433149	2019.33333333	2165.0	7033.33333333
47.3836002857,8.59282709269	1849.33333333	2127.33333333	4468.33333333
47.3878577745,8.50408753223	1586.0	1803.0	5026.0
47.3826782546,8.47906677608	2397.33333333	2668.33333333	8248.33333333
47.3907420609,8.58200440666	2025.0	2240.33333333	4585.0
47.4371162553,8.57393417822	2776.66666667	2939.33333333	10922.6666667
47.3919845661,8.53972360851	862.333333333	993.666666667	2461.33333333
47.4293229173,8.52192213222	2633.0	2958.33333333	8378.66666667
47.4205759676,8.52017456177	2278.0	2514.33333333	7612.0
47.4315433825,8.52813361373	2291.0	2503.0	8146.0
47.3510650349,8.55722369993	1174.0	1355.66666667	3733.0
47.3606780013,8.54651633852	981.0	1193.33333333	2277.0
47.3987324864,8.53940922414	855.0	1140.0	2947.0
47.3758984079,8.46190458757	2920.0	3228.66666667	9414.66666667
47.4269175703,8.53658417321	1811.0	1994.0	7255.33333333
47.3964722003,8.59862180018	1473.66666667	1633.33333333	8228.33333333
47.4056962729,8.46590560337	2335.33333333	2923.0	9362.0
47.4188904742,8.57205616043	1953.0	2289.0	7833.0
47.4383839392,8.46776545681	2304.0	3083.66666667	14470.3333333
47.4236313615,8.45245114673	3659.66666667	4049.0	12374.3333333
47.4381230307,8.49622986542	3533.0	3896.66666667	14279.6666667
47.4331210896,8.59681496461	2984.0	3445.0	14827.3333333
47.3893187433,8.44622916101	2748.33333333	3233.33333333	11587.6666667
47.4195389005,8.58811735364	2238.66666667	2373.33333333	10993.0
47.3979782958,8.47839072057	2002.66666667	2359.33333333	7004.0
47.3901005675,8.48265585483	1452.33333333	1695.0	6199.66666667
47.4287650398,8.57196958702	2579.0	2755.66666667	11906.0
47.3668778082,8.53708936552	847.0	951.666666667	2506.0
47.3925560533,8.55281440333	920.0	1066.33333333	2394.0
47.4233590726,8.488773494	2401.0	2518.66666667	8844.33333333
47.4045164091,8.52294752384	1913.33333333	2037.66666667	5152.66666667
47.3793979601,8.49973955658	1738.33333333	1873.66666667	5658.33333333
47.3740008695,8.58577143371	1781.0	2046.33333333	4203.0
47.3750993695,8.47405131854	2742.33333333	2985.66666667	7780.33333333
47.4084654198,8.49891960739	1782.0	1917.33333333	6681.0
47.4331705132,8.49492820472	2967.66666667	3253.0	9972.66666667
47.3906452988,8.52479401274	1307.66666667	1440.0	3350.33333333
47.3590502438,8.50306813828	1971.66666667	2035.66666667	5906.66666667
47.3576931929,8.55986467591	1194.0	1364.66666667	3294.0
47.3753411702,8.56731957286	938.666666667	1048.33333333	1922.0
47.3991941086,8.53786878983	972.0	1191.66666667	3097.0
47.4127233185,8.4820301934	1673.33333333	1980.66666667	7635.66666667
47.3687867242,8.47868674712	2421.0	2706.33333333	7191.66666667
47.418515772,8.59139753701	2098.0	2398.66666667	11196.0
47.3968990738,8.50562673247	1702.0	1904.0	5650.0
47.4126836731,8.53808673807	1472.0	1521.0	5714.0
47.3905004013,8.56968258227	1776.0	1956.33333333	4409.0
47.3870846909,8.56432996369	1501.0	1695.33333333	4210.0
47.3640576061,8.52766198181	1098.0	1498.33333333	3203.0
47.4350046973,8.59987281994	3431.66666667	3621.66666667	12296.6666667
47.4027110661,8.44431985778	2058.0	2458.0	9708.0
47.3781203032,8.47834229539	2444.0	2583.0	7620.33333333
47.3920875522,8.53377452047	1026.0	1154.66666667	2445.0
47.3783253536,8.543009612	398.333333333	519.666666667	1075.66666667
47.4369035393,8.44948496695	2979.33333333	3272.33333333	16347.6666667
47.4102676959,8.50493511959	2163.0	2223.0	7122.0
47.3503169138,8.5120477112	1877.0	2216.66666667	5620.0
47.3684707883,8.53802717131	815.333333333	963.333333333	2438.33333333
47.4137839126,8.50022700434	2227.0	2438.0	7322.0
47.4206658899,8.45421799025	3809.0	4027.33333333	12467.0
47.4336889086,8.50224609701	3225.66666667	3558.33333333	10003.6666667
47.3766332849,8.48466027212	2112.66666667	2204.66666667	6486.0
47.4099346165,8.48158595338	1838.0	2068.66666667	8796.0
47.410137977,8.45018997416	2211.0	2645.33333333	10547.0
47.3949906529,8.49858743701	1624.0	1779.0	5194.0
47.3808264431,8.51285420425	1403.0	1512.33333333	4994.66666667
47.3864259337,8.55509414715	951.666666667	1114.33333333	1732.66666667
47.3985844954,8.48471148181	2073.33333333	2256.33333333	7030.0
47.4114586563,8.51023938697	1806.33333333	2085.66666667	7427.0
47.3963432978,8.45632770113	2462.0	2740.33333333	9454.0
47.3930892123,8.44618205334	2684.0	2774.33333333	10197.0
47.374995521,8.55799766399	659.0	786.0	1821.0
47.3699971225,8.48278036316	2323.0	2611.66666667	7047.0
47.3523930519,8.59652580508	2372.0	2832.66666667	7204.33333333
47.35796522,8.58408769383	1398.0	1723.0	4537.0
47.3869447617,8.5046039364	1630.0	1913.0	5137.0
47.3558416504,8.56363416063	1244.0	1428.66666667	3659.0
47.3589067591,8.46210171442	2716.66666667	2985.66666667	9661.66666667
47.399155992,8.52292203384	1448.0	1707.33333333	4795.0
47.4100804345,8.44200361525	2458.66666667	2969.66666667	10988.3333333
47.3627891695,8.58734973296	2149.66666667	2282.0	6316.0
47.4219654741,8.56744210292	2176.0	2340.66666667	7425.0
47.3583875057,8.4756611134	1887.0	2931.0	9882.0
47.4197988393,8.5187571654	2373.0	2552.0	7978.33333333
47.4004459981,8.54751365289	1007.33333333	1132.66666667	3163.0
47.3796709528,8.44646229762	2669.66666667	3259.33333333	12560.3333333
47.3713179357,8.5112243913	1494.0	1722.66666667	4673.0
47.4028518501,8.54735721899	917.0	1121.0	3656.0
47.3876621837,8.46347581316	2739.33333333	2980.66666667	9440.0
47.3752560757,8.48675489332	1925.66666667	2145.33333333	6183.0
47.4060604645,8.49128191156	1525.0	1759.66666667	6531.0
47.3764917764,8.51631065857	1473.66666667	1536.0	4099.66666667
47.3780167062,8.44402889187	2616.33333333	3520.33333333	12695.6666667
47.3691542971,8.47354004501	2357.66666667	2716.66666667	9139.66666667
47.3567709215,8.47346374567	2646.0	3178.66666667	10660.0
47.3984129112,8.51006746074	1325.0	1434.66666667	5103.0
47.3844314223,8.57036388667	1209.0	1444.66666667	3746.0
47.4289226187,8.54758419517	2112.66666667	2273.33333333	7488.0
47.41200634,8.47237133552	2061.0	2225.33333333	8701.0
47.3505979018,8.57153240921	1676.0	1797.0	4808.33333333
47.4288133867,8.54735530566	2130.0	2511.0	8518.66666667
47.3655604497,8.56590303359	940.333333333	1087.0	2681.0
47.393965325,8.49206507762	1631.0	1789.33333333	6124.33333333
47.369368267,8.46297945305	2406.0	2469.66666667	8700.33333333
47.3500586842,8.5480545689	1309.66666667	1536.66666667	3714.33333333
47.3623427277,8.58504295641	2043.0	2196.66666667	4518.0
47.4302528363,8.57750381595	2422.0	2813.66666667	8796.0
47.4330799067,8.52768756613	2493.0	2779.66666667	8419.33333333
47.4119022469,8.52684101393	1791.0	1913.0	6306.0
47.3954611877,8.59544278369	1467.33333333	1773.0	8707.66666667
47.3678437877,8.51957078865	1405.0	1629.33333333	4239.0
47.3708196964,8.45052354733	2502.0	3159.0	9310.0
47.433956113,8.58768437671	3043.0	3300.0	12617.3333333
47.4021784718,8.47404099144	2406.66666667	2577.66666667	7603.0
47.4376325657,8.53114887377	2712.66666667	3067.0	11264.0
47.3630467368,8.59545617645	1930.0	2019.66666667	5853.0
47.3697665513,8.5091530075	1505.0	1730.33333333	4872.0
47.356535062,8.51143424571	1601.0	1854.0	4977.0
47.4223714403,8.48669543621	2659.33333333	2901.66666667	9008.0
47.376727402,8.50891481157	1598.66666667	1728.33333333	5185.0
47.4198315419,8.52792463403	2256.66666667	2444.33333333	7190.66666667
47.3967162831,8.47792513278	2341.66666667	2437.33333333	7425.0
47.3638211224,8.57301041128	1423.33333333	1555.33333333	3590.0
47.4030481308,8.56231324198	1101.0	1289.33333333	4444.0
47.4103353609,8.52966854155	1797.0	2005.66666667	5996.0
47.4055070969,8.47259603946	2084.33333333	2587.33333333	8498.0
47.3558857397,8.54987442093	1134.0	1358.0	3171.0
47.3976672485,8.59396338991	1582.0	1800.33333333	7144.0
47.3848971977,8.44309855358	2395.66666667	3106.33333333	11373.3333333
47.4027819283,8.54898236738	940.0	1029.33333333	3682.0
47.3935308025,8.52446715049	948.0	1029.66666667	3648.0
47.4166148756,8.59135707636	1637.66666667	2069.0	10388.3333333
47.4163148695,8.59386892072	1567.0	1809.0	10187.0
47.3654424549,8.58623667774	2171.0	2392.33333333	4221.0
47.4050567254,8.55697632681	1087.0	1349.66666667	4350.0
47.4279726513,8.45243762915	3012.0	3772.33333333	12212.0
47.3743329852,8.53549289078	684.0	872.0	1693.66666667
47.4334052551,8.54423435092	2322.66666667	2512.66666667	8381.33333333
47.3735930282,8.54070511584	662.666666667	821.666666667	1793.66666667
47.4129603715,8.5930567214	1330.33333333	1469.33333333	10744.6666667
47.399111068,8.56055742994	1411.0	1681.0	3611.0
47.3901528995,8.59043189597	1942.0	3056.33333333	7064.33333333
47.3868344789,8.57787613742	1525.0	1703.33333333	4024.0
47.3879840783,8.55237397406	758.666666667	1309.33333333	2514.0
47.3787816937,8.58718146155	1826.0	1903.66666667	4598.0
47.4296077274,8.54828129395	2151.66666667	2327.33333333	7533.0
47.3888423274,8.53078191218	943.666666667	1100.66666667	2986.33333333
47.3560342335,8.53694276647	1184.0	1573.33333333	3753.0
47.372840673,8.50372224369	1806.33333333	2011.66666667	5465.33333333
47.3516159461,8.44314378539	2372.0	2784.33333333	14949.0
47.4236689801,8.48786361557	2476.0	2743.66666667	8791.0
47.404922048,8.48545251557	2023.0	2189.0	7144.0
47.4226896695,8.51222669276	2291.0	2424.33333333	8719.66666667
47.4363547129,8.46971591181	1999.0	2772.66666667	15092.0
47.4282242063,8.47451664273	2336.0	2788.0	10944.0
47.4201436745,8.51247175299	2441.0	2552.66666667	9933.0
47.4369926558,8.4753990704	2280.66666667	2472.0	13164.6666667
47.3841575376,8.50132580644	1852.33333333	2014.66666667	5497.66666667
47.4091586561,8.50019676597	1972.66666667	2187.0	6974.33333333
47.4162063701,8.45883256495	2796.66666667	3002.66666667	10784.0
47.4287918347,8.58693229466	2991.66666667	3230.66666667	12453.3333333
47.3872470679,8.56003109697	1187.66666667	1341.33333333	3400.66666667
47.4215610074,8.4979462952	2176.0	2327.33333333	7937.0
47.4154406778,8.57545986034	2272.0	2429.0	7593.0
47.4084656394,8.58984252185	1634.0	1863.33333333	6942.0
47.4117324333,8.54634565275	1234.0	1422.66666667	4576.0
47.4352267158,8.49197555418	3199.66666667	3674.33333333	17217.0
47.4146075022,8.50115564567	2465.66666667	2678.33333333	7482.0
47.373327604,8.54414785436	563.333333333	677.666666667	1288.66666667
47.3635426997,8.59847208736	1838.66666667	1980.66666667	6186.66666667
47.3786307448,8.46156010393	3421.0	3672.66666667	9959.0
47.3685925088,8.55816497056	758.0	800.666666667	1724.0
47.3534657481,8.56352226761	1425.0	1629.33333333	4241.0
47.4225261426,8.48736441	2490.0	2670.0	8932.66666667
47.4240314817,8.51201285419	2142.0	2549.0	9794.33333333
47.3521758193,8.44991498839	2537.33333333	3175.0	15358.6666667
47.409147121,8.52330291713	1945.33333333	2152.0	6262.33333333
47.3781569623,8.57800717278	1284.0	1546.0	3790.0
47.40491242,8.56949510958	1113.0	1252.0	5530.0
47.4153719547,8.48606843756	2386.66666667	2565.0	8236.33333333
47.4113353837,8.48249626798	1700.66666667	1939.33333333	7487.33333333
47.4067406255,8.49161353493	1647.66666667	1838.33333333	6625.33333333
47.4330998687,8.5542375892	1889.0	2133.66666667	8150.0
47.3589969077,8.54098124558	1012.0	1176.66666667	3042.0
47.3819547638,8.57792019439	1294.0	1573.0	3762.0
47.365695618,8.53374052825	870.0	1185.33333333	2740.0
47.4077683521,8.49196937112	1511.0	1660.33333333	6945.0
47.4382752615,8.50963994009	3803.0	3955.66666667	10850.0
47.3770172905,8.46008401793	2885.0	3356.66666667	9654.0
47.3511717222,8.59575734447	2004.33333333	2184.0	7132.66666667
47.403283518,8.47786007588	2692.0	2894.0	8272.0
47.4318504223,8.56791714648	2293.66666667	2428.0	8482.33333333
47.3581049734,8.47038490917	2741.0	3234.0	10235.0
47.3754465271,8.58049837886	1510.0	1592.0	3797.0
47.4019975071,8.55654865232	1015.0	1175.0	4006.0
47.4383570956,8.52059328753	3156.66666667	3401.66666667	11494.3333333
47.3510074227,8.52980241795	1429.0	1749.0	4798.0
47.3996931871,8.54142154421	917.666666667	1021.33333333	3177.0
47.3937837438,8.5872670564	2116.0	2330.33333333	7963.0
47.4323454695,8.47221546927	2265.0	2835.33333333	15454.0
47.3574566048,8.45659061364	2682.0	2989.66666667	9801.66666667
47.4255590798,8.54402063019	2068.66666667	2124.66666667	7071.0
47.4070445488,8.54326172833	1281.0	1478.33333333	4377.0
47.3948468744,8.57419707615	2120.0	2322.0	6873.0
47.4002998602,8.59665732308	1749.0	1950.0	7807.0
47.3597987368,8.46634212003	2408.0	3618.66666667	9742.0
47.3704136457,8.56340789756	860.0	996.666666667	2891.0
47.429282776,8.49075508938	2766.0	3045.0	10091.0
47.3695041513,8.46634630113	2325.0	2825.0	8498.0
47.3506773262,8.59357446032	2096.33333333	2248.66666667	6521.33333333
47.4155616306,8.51132735769	2069.0	2251.0	7517.0
47.3759007951,8.55551852671	484.0	583.0	1224.0
47.4224232147,8.46667867529	3156.0	3425.33333333	13340.6666667
47.4109533059,8.45908071806	2122.0	2603.0	9890.66666667
47.369166882,8.52516763047	1362.0	1651.0	3910.0
47.4029064173,8.46221729316	2638.66666667	2788.66666667	9203.33333333
47.4008949527,8.4646194293	2394.0	2545.33333333	9099.33333333
47.4115972304,8.43868543388	2596.0	3115.66666667	11155.0
47.4284409662,8.45127515515	3110.66666667	3367.66666667	12321.3333333
47.3534332078,8.52599769689	1461.66666667	1717.0	4581.0
47.4075637666,8.43825388793	2862.33333333	3170.66666667	11240.6666667
47.3997970888,8.48393576137	2232.66666667	2539.33333333	7182.66666667
47.4038016583,8.54498769747	1054.0	1397.33333333	3855.0
47.3548003267,8.53026248608	1416.66666667	1719.0	4067.33333333
47.4282982619,8.56966533306	2191.33333333	2447.0	7975.0
47.4108543574,8.58845798973	1751.0	2180.66666667	8790.66666667
47.3868290165,8.52377879784	1423.0	1548.33333333	3193.0
47.3937534528,8.53222614301	859.0	1032.66666667	3096.0
47.4302559787,8.5868808751	2931.33333333	3133.66666667	12516.6666667
47.4202029637,8.56056627344	1662.0	1908.0	6359.0
47.4172905989,8.56053534135	1737.0	2017.33333333	6143.0
47.3956160151,8.44137318819	2215.0	2451.66666667	9950.66666667
47.4043658444,8.46354722737	2600.0	3001.0	10476.0
47.3547355305,8.44964408176	2648.33333333	2839.33333333	14096.6666667
47.4265397823,8.48221207018	2970.33333333	3259.33333333	13530.0
47.3562308242,8.48440923661	2352.0	3498.66666667	10409.0
47.4241078351,8.48254211573	2646.0	2946.0	9359.33333333
47.422450428,8.52430583369	2532.0	2798.0	9180.0
47.4010687577,8.57694271945	1346.0	1504.66666667	6144.0
47.4027288554,8.45270750362	1973.0	2337.66666667	9590.0
47.3716222816,8.5471504882	435.0	663.666666667	1206.0
47.4288598282,8.52801286119	2166.0	2274.66666667	7793.66666667
47.4186862035,8.46544308002	2795.0	2995.0	9714.0
47.4159926923,8.43834165517	2471.33333333	2715.0	11942.0
47.3715208384,8.48686101908	2226.0	2350.33333333	7819.0
47.4107910634,8.53692814899	1702.66666667	1740.33333333	5128.66666667
47.4380465811,8.51591027146	3425.0	3535.33333333	9938.66666667
47.4057841876,8.49604940802	1464.66666667	1716.0	6351.33333333
47.3871823924,8.59780486477	1851.0	2751.0	6001.0
47.4344496276,8.47421016473	2810.33333333	3125.33333333	13565.3333333
47.4032291441,8.51486427956	1932.33333333	2128.66666667	6057.0
47.3668375224,8.46165546064	2198.0	2844.66666667	8466.0
47.4306355795,8.46226916533	2400.0	2552.33333333	12970.0
47.405326019,8.49734988794	1386.0	1816.66666667	6277.0
47.4120613602,8.59613047717	1607.0	1902.33333333	9311.33333333
47.4087462013,8.51235923793	2115.0	2330.0	7375.0
47.3755083188,8.4879239747	1852.0	2010.66666667	6389.66666667
47.4104237164,8.45099945233	2181.66666667	2356.33333333	10405.3333333
47.3784244898,8.46620320306	3449.33333333	3599.33333333	8883.0
47.3846051792,8.5126888795	1454.0	1688.33333333	4418.66666667
47.4245445938,8.59423121234	2644.66666667	2740.66666667	12468.0
47.3844641377,8.4743759648	1969.33333333	2245.66666667	8210.33333333
47.3635340307,8.43843481659	3208.0	3337.66666667	12729.3333333
47.4011437823,8.44848848409	1660.33333333	2262.33333333	9185.66666667
47.3615427555,8.5500034139	841.0	1107.66666667	2360.0
47.3942392323,8.47484717446	2389.0	2543.66666667	7854.0
47.4036283899,8.51107825753	2013.0	2300.66666667	6847.0
47.3896047999,8.47600422418	2149.66666667	2323.66666667	7237.33333333
47.4351906381,8.486281318	2821.66666667	2974.66666667	16421.3333333
47.3915237126,8.5956932213	1931.66666667	2201.66666667	8398.0
47.391572959,8.48730783583	1269.0	1475.66666667	5810.0
47.4380753494,8.56807252112	2066.0	2315.0	8903.0
47.3501533946,8.59115313253	1924.0	2516.66666667	6664.0
47.3766626332,8.48677151548	1985.33333333	2211.66666667	6545.66666667
47.384747836,8.58243916909	1549.33333333	1702.66666667	4078.0
47.3897512494,8.45823616058	3137.0	3256.0	10901.3333333
47.3944740905,8.50309968215	1432.0	1520.66666667	4504.0
47.4290748181,8.59550471049	3088.33333333	3246.33333333	12895.3333333
47.3986060756,8.45044930509	1685.33333333	2310.66666667	9016.66666667
47.4360653964,8.5342015971	2643.0	2803.0	8721.0
47.4346640483,8.52616358584	3132.0	3302.33333333	10136.0
47.4301608482,8.53334986904	1977.0	2229.0	7688.0
47.3831967,8.4580562248	3385.0	3669.66666667	9745.33333333
47.409319568,8.49638565696	1775.0	2033.66666667	6776.0
47.3564854072,8.50162125584	2185.0	2317.66666667	6272.66666667
47.4165649813,8.52084332591	2187.0	2232.66666667	7273.0
47.3758141381,8.54947562956	87.0	87.0	115.0
47.4342357783,8.47103489383	2346.66666667	2564.0	14945.3333333
47.3560147423,8.51622850752	1616.0	1703.66666667	5286.66666667
47.4123913234,8.59812976627	1691.66666667	2088.33333333	9407.33333333
47.4284257994,8.44248465887	3729.33333333	4260.66666667	13455.3333333
47.3730685137,8.46371537144	2812.0	3782.0	9258.0
47.3618760926,8.52004818234	1079.66666667	1362.33333333	4014.33333333
47.4275920258,8.47325728061	2370.0	2775.66666667	10795.0
47.417739582,8.47639093845	2167.0	2487.66666667	8912.0
47.3942392498,8.45607754275	2973.0	3207.66666667	10583.0
47.3542784656,8.49032969259	2211.0	3113.0	11891.0
47.403896405,8.53505605049	1402.0	1534.0	3661.33333333
47.3691744591,8.58554155065	1999.0	2083.66666667	4527.0
47.360948991,8.55378153768	776.0	1013.66666667	2531.0
47.3727146619,8.58758258584	1923.0	2131.33333333	4405.0
47.4321315818,8.4947505001	2991.0	3193.66666667	10177.0
47.3962878189,8.518106128	1100.0	1446.33333333	4212.0
47.4071506245,8.46440352152	2312.33333333	2512.0	9546.66666667
47.368177847,8.59928046735	2315.66666667	2440.0	7148.0
47.4381712412,8.55719385956	2145.0	2367.0	8906.0
47.3612951719,8.54679094239	947.0	1145.33333333	2208.0
47.4153023107,8.47966400245	1666.0	1777.33333333	8096.0
47.3704565772,8.5096794978	1511.0	1770.0	4859.0
47.3901754819,8.55198008185	837.333333333	920.0	2322.0
47.4055419405,8.48380212611	2372.0	2604.66666667	7929.0
47.3826801276,8.59079934686	1717.0	2222.33333333	4375.0
47.4209475267,8.51270743251	2093.33333333	2538.0	12220.3333333
47.3510277767,8.5691213963	1337.0	1484.66666667	4521.66666667
47.4225610619,8.43931377526	2929.0	3323.0	13083.6666667
47.4056065679,8.57801740531	1146.0	1409.66666667	5859.0
47.3843449553,8.4744745716	2171.0	2346.0	8494.33333333
47.4244390119,8.49171504103	2318.33333333	2456.66666667	8401.0
47.3711878145,8.54485358422	619.0	887.0	1441.0
47.4122025475,8.45801225249	2357.66666667	2730.66666667	10031.0
47.3974687012,8.49234858582	1889.33333333	2023.66666667	5886.66666667
47.4207102358,8.44771882323	3330.33333333	3802.33333333	13486.3333333
47.4132849841,8.44807655597	2171.0	2534.0	10710.0
47.3607460291,8.44281112959	2856.33333333	3533.33333333	14036.6666667
47.4189851232,8.5040116137	2136.0	2199.66666667	7936.33333333
47.412751238,8.49543915843	2193.0	2454.66666667	7211.0
47.3538659128,8.56759782189	1691.66666667	1806.0	4852.0
47.4157657446,8.45054053189	2387.33333333	2749.0	11060.6666667
47.3764724904,8.53324204767	803.0	974.666666667	1905.33333333
47.3609528865,8.43826103961	2503.66666667	3039.33333333	15084.3333333
47.4191055919,8.46851568148	3271.0	3341.66666667	9978.33333333
47.4054450946,8.57093367713	1005.0	1237.66666667	5373.0
47.3866885168,8.4800582097	2229.66666667	2422.33333333	7131.66666667
47.3548942839,8.48009385743	2286.33333333	3462.0	10274.6666667
47.3588014419,8.59189550631	1545.0	1858.0	5126.0
47.4129766554,8.56712809162	1674.33333333	1892.66666667	6328.66666667
47.4355160327,8.52511776311	2887.0	3086.33333333	8854.66666667
47.4267249322,8.55549992706	1835.0	2032.0	7068.0
47.4000349878,8.59599822601	1720.0	2029.66666667	7781.0
47.3615412163,8.49895468516	1516.66666667	1931.33333333	5654.33333333
47.4055209981,8.59820026695	1716.0	1943.0	7518.0
47.4255907655,8.5944007122	2470.66666667	2825.66666667	11921.6666667
47.3645810757,8.47190203466	2206.33333333	2639.66666667	9020.0
47.433059483,8.46933385977	2310.66666667	2694.66666667	12830.0
47.4092815193,8.49391990538	1744.33333333	1892.66666667	6754.0
